<TICKER>,<PER>,<DATE>,<TIME>,<OPEN>,<HIGH>,<LOW>,<CLOSE>,<VOL>
US73935X7811 [NY_SERVICES],60,20170320,160000,41.500000,41.600000,41.310000,41.600000,1359600.000000
US73935X7811 [NY_SERVICES],60,20170320,170000,41.640000,41.800000,41.618300,41.720000,1829100.000000
US73935X7811 [NY_SERVICES],60,20170320,180000,41.723500,41.760000,41.641500,41.759800,1136200.000000
US73935X7811 [NY_SERVICES],60,20170320,190000,41.754400,41.800000,41.710000,41.784300,614700.000000
US73935X7811 [NY_SERVICES],60,20170320,200000,41.790000,41.805000,41.660100,41.687700,1121700.000000
US73935X7811 [NY_SERVICES],60,20170320,210000,41.696000,41.730000,41.507500,41.619400,1384500.000000
US73935X7811 [NY_SERVICES],60,20170320,220000,41.612200,41.650000,41.569100,41.610000,1852800.000000
US73935X7811 [NY_SERVICES],60,20170321,160000,41.850000,41.890000,41.620000,41.680000,1051000.000000
US73935X7811 [NY_SERVICES],60,20170321,170000,41.670000,41.689900,41.240000,41.271000,1284600.000000
US73935X7811 [NY_SERVICES],60,20170321,180000,41.262300,41.328600,40.630600,40.890000,4511400.000000
US73935X7811 [NY_SERVICES],60,20170321,190000,40.901600,41.459900,40.660000,40.740000,1942600.000000
US73935X7811 [NY_SERVICES],60,20170321,200000,40.701000,40.810000,40.630000,40.710200,901100.000000
US73935X7811 [NY_SERVICES],60,20170321,210000,40.673000,40.770000,40.600100,40.725000,1022200.000000
US73935X7811 [NY_SERVICES],60,20170321,220000,40.737800,40.749900,40.410000,40.450000,1811600.000000
US73935X7811 [NY_SERVICES],60,20170321,230000,40.480000,40.480000,40.480000,40.480000,142801.000000
US73935X7811 [NY_SERVICES],60,20170322,000000,40.480000,40.480000,40.480000,40.480000,400.000000
US73935X7811 [NY_SERVICES],60,20170322,010000,40.480000,40.480000,40.480000,40.480000,1.000000
US73935X7811 [NY_SERVICES],60,20170322,160000,40.560000,40.770000,40.300000,40.530600,2371300.000000
US73935X7811 [NY_SERVICES],60,20170322,170000,40.549000,40.600000,40.354000,40.600000,809000.000000
US73935X7811 [NY_SERVICES],60,20170322,180000,40.594500,40.780000,40.520000,40.740000,8156300.000000
US73935X7811 [NY_SERVICES],60,20170322,190000,40.723700,40.749900,40.590000,40.700000,521600.000000
US73935X7811 [NY_SERVICES],60,20170322,200000,40.660400,40.720000,40.541000,40.699000,456300.000000
US73935X7811 [NY_SERVICES],60,20170322,210000,40.654700,40.800000,40.650000,40.760000,1236700.000000
US73935X7811 [NY_SERVICES],60,20170322,220000,40.775000,40.869900,40.750000,40.860000,1168100.000000
US73935X7811 [NY_SERVICES],60,20170322,230000,40.850000,40.850000,40.850000,40.850000,110901.000000
US73935X7811 [NY_SERVICES],60,20170323,000000,40.850000,40.850000,40.850000,40.850000,200.000000
US73935X7811 [NY_SERVICES],60,20170323,010000,40.850000,40.850000,40.850000,40.850000,1.000000
US73935X7811 [NY_SERVICES],60,20170323,160000,40.870000,40.880000,40.640000,40.833400,299900.000000
US73935X7811 [NY_SERVICES],60,20170323,170000,40.870000,41.039900,40.760000,40.990000,1071200.000000
US73935X7811 [NY_SERVICES],60,20170323,180000,40.970000,41.040000,40.957600,40.981000,502100.000000
US73935X7811 [NY_SERVICES],60,20170323,190000,41.037500,41.070000,40.983700,40.983700,1067200.000000
US73935X7811 [NY_SERVICES],60,20170323,200000,41.034700,41.034700,40.881500,41.000000,306400.000000
US73935X7811 [NY_SERVICES],60,20170323,210000,40.980000,41.079900,40.970100,41.079900,471700.000000
US73935X7811 [NY_SERVICES],60,20170323,220000,41.030000,41.030000,40.772600,40.860000,799800.000000
US73935X7811 [NY_SERVICES],60,20170323,230000,40.890000,40.890000,40.890000,40.890000,110001.000000
US73935X7811 [NY_SERVICES],60,20170324,010000,40.890000,40.890000,40.890000,40.890000,1.000000
US73935X7811 [NY_SERVICES],60,20170324,160000,41.410000,41.970000,41.410000,41.740000,1334100.000000
US73935X7811 [NY_SERVICES],60,20170324,170000,41.744000,41.744000,41.530000,41.589500,1505000.000000
US73935X7811 [NY_SERVICES],60,20170324,180000,41.530000,41.640000,41.500000,41.570000,447500.000000
US73935X7811 [NY_SERVICES],60,20170324,190000,41.570000,41.620000,41.390000,41.420000,860600.000000
US73935X7811 [NY_SERVICES],60,20170324,200000,41.420000,41.483000,41.300000,41.300000,1275400.000000
US73935X7811 [NY_SERVICES],60,20170324,210000,41.330000,41.379000,41.070100,41.131700,674100.000000
US73935X7811 [NY_SERVICES],60,20170324,220000,41.050000,41.389000,41.050000,41.240000,858800.000000
US73935X7811 [NY_SERVICES],60,20170324,230000,41.340000,41.340000,41.270000,41.270000,101.000000
US73935X7811 [NY_SERVICES],60,20170325,010000,41.270000,41.270000,41.270000,41.270000,1.000000
US73935X7811 [NY_SERVICES],60,20170327,160000,40.830000,40.908000,40.580000,40.665000,1557300.000000
US73935X7811 [NY_SERVICES],60,20170327,170000,40.662500,41.070000,40.600000,40.971400,787000.000000
US73935X7811 [NY_SERVICES],60,20170327,180000,40.980000,41.130000,40.840000,41.102000,1336200.000000
US73935X7811 [NY_SERVICES],60,20170327,190000,41.100000,41.399000,41.079100,41.399000,598300.000000
US73935X7811 [NY_SERVICES],60,20170327,200000,41.399900,41.449900,41.230000,41.290000,636700.000000
US73935X7811 [NY_SERVICES],60,20170327,210000,41.330000,41.349900,41.230800,41.331100,1298400.000000
US73935X7811 [NY_SERVICES],60,20170327,220000,41.390000,41.427500,41.320000,41.400000,1764200.000000
US73935X7811 [NY_SERVICES],60,20170327,230000,41.350000,41.350000,41.350000,41.350000,112701.000000
US73935X7811 [NY_SERVICES],60,20170328,000000,41.350000,41.350000,41.350000,41.350000,200.000000
US73935X7811 [NY_SERVICES],60,20170328,010000,41.350000,41.350000,41.350000,41.350000,1.000000
US73935X7811 [NY_SERVICES],60,20170328,160000,41.300000,41.470000,41.200000,41.250000,1058900.000000
US73935X7811 [NY_SERVICES],60,20170328,170000,41.310000,41.419900,41.120000,41.249900,610600.000000
US73935X7811 [NY_SERVICES],60,20170328,180000,41.180000,41.390000,41.180000,41.390000,452200.000000
US73935X7811 [NY_SERVICES],60,20170328,190000,41.328000,41.420000,41.300000,41.375000,2786600.000000
US73935X7811 [NY_SERVICES],60,20170328,200000,41.370000,41.420000,41.320000,41.418000,3176300.000000
US73935X7811 [NY_SERVICES],60,20170328,210000,41.458500,41.558000,41.450000,41.493400,350400.000000
US73935X7811 [NY_SERVICES],60,20170328,220000,41.519000,41.519000,41.380100,41.400000,4590700.000000
US73935X7811 [NY_SERVICES],60,20170328,230000,41.440000,41.440000,41.440000,41.440000,100001.000000
US73935X7811 [NY_SERVICES],60,20170329,010000,41.440000,41.440000,41.440000,41.440000,1.000000
US73935X7811 [NY_SERVICES],60,20170329,160000,41.400000,41.438100,41.170000,41.350000,1433000.000000
US73935X7811 [NY_SERVICES],60,20170329,170000,41.268000,41.390000,41.183300,41.389900,363500.000000
US73935X7811 [NY_SERVICES],60,20170329,180000,41.320000,41.359900,41.179000,41.200000,507200.000000
US73935X7811 [NY_SERVICES],60,20170329,190000,41.170900,41.239900,41.140100,41.200000,344100.000000
US73935X7811 [NY_SERVICES],60,20170329,200000,41.168000,41.310000,41.151000,41.280000,1332900.000000
US73935X7811 [NY_SERVICES],60,20170329,210000,41.243100,41.320000,41.200000,41.280200,549900.000000
US73935X7811 [NY_SERVICES],60,20170329,220000,41.309000,41.339900,41.250100,41.280000,479100.000000
US73935X7811 [NY_SERVICES],60,20170329,230000,41.310000,41.310000,41.310000,41.310000,110001.000000
US73935X7811 [NY_SERVICES],60,20170330,010000,41.310000,41.310000,41.310000,41.310000,1.000000
US73935X7811 [NY_SERVICES],60,20170330,160000,41.320000,41.658800,41.320000,41.658800,294300.000000
US73935X7811 [NY_SERVICES],60,20170330,170000,41.604800,41.669000,41.449800,41.589700,1181900.000000
US73935X7811 [NY_SERVICES],60,20170330,180000,41.570000,41.629900,41.500000,41.522700,839800.000000
US73935X7811 [NY_SERVICES],60,20170330,190000,41.500200,41.549900,41.426300,41.515900,453800.000000
US73935X7811 [NY_SERVICES],60,20170330,200000,41.540000,41.730000,41.492500,41.730000,113300.000000
US73935X7811 [NY_SERVICES],60,20170330,210000,41.640000,41.730000,41.610000,41.677500,989700.000000
US73935X7811 [NY_SERVICES],60,20170330,220000,41.591000,41.690000,41.591000,41.690000,727500.000000
US73935X7811 [NY_SERVICES],60,20170330,230000,41.690000,41.690000,41.690000,41.690000,110001.000000
US73935X7811 [NY_SERVICES],60,20170331,010000,41.690000,41.690000,41.690000,41.690000,1.000000
US73935X7811 [NY_SERVICES],60,20170331,160000,41.710000,41.710000,41.590000,41.660000,654000.000000
US73935X7811 [NY_SERVICES],60,20170331,170000,41.632000,41.740000,41.553500,41.740000,847800.000000
US73935X7811 [NY_SERVICES],60,20170331,180000,41.600100,41.737500,41.600100,41.680000,409900.000000
US73935X7811 [NY_SERVICES],60,20170331,190000,41.651000,41.850000,41.650000,41.830000,1104400.000000
US73935X7811 [NY_SERVICES],60,20170331,200000,41.810000,41.999900,41.810000,41.850000,945500.000000
US73935X7811 [NY_SERVICES],60,20170331,210000,41.850000,41.899900,41.750000,41.838300,1280400.000000
US73935X7811 [NY_SERVICES],60,20170331,220000,41.856700,41.939900,41.810000,41.830000,2099000.000000
US73935X7811 [NY_SERVICES],60,20170331,230000,41.770000,41.770000,41.770000,41.770000,5001.000000
US73935X7811 [NY_SERVICES],60,20170401,010000,41.770000,41.770000,41.770000,41.770000,1.000000
US73935X7811 [NY_SERVICES],60,20170403,160000,41.960000,41.979900,41.700000,41.800000,1423600.000000
US73935X7811 [NY_SERVICES],60,20170403,170000,41.799900,41.829900,41.490000,41.490000,1765200.000000
US73935X7811 [NY_SERVICES],60,20170403,180000,41.490000,41.520000,41.270000,41.286600,566100.000000
US73935X7811 [NY_SERVICES],60,20170403,190000,41.310000,41.409900,41.150100,41.390000,747500.000000
US73935X7811 [NY_SERVICES],60,20170403,200000,41.420000,41.482900,41.300000,41.380000,214500.000000
US73935X7811 [NY_SERVICES],60,20170403,210000,41.386000,41.550000,41.310100,41.507200,1107600.000000
US73935X7811 [NY_SERVICES],60,20170403,220000,41.490000,41.529900,41.410000,41.410000,2022100.000000
US73935X7811 [NY_SERVICES],60,20170403,230000,41.440000,41.460000,41.440000,41.460000,150001.000000
US73935X7811 [NY_SERVICES],60,20170404,010000,41.460000,41.460000,41.460000,41.460000,1.000000
US73935X7811 [NY_SERVICES],60,20170404,160000,41.310000,41.660000,41.250000,41.599000,1033800.000000
US73935X7811 [NY_SERVICES],60,20170404,170000,41.520000,41.599000,41.250000,41.300000,751900.000000
US73935X7811 [NY_SERVICES],60,20170404,180000,41.200000,41.380000,41.200000,41.280000,321500.000000
US73935X7811 [NY_SERVICES],60,20170404,190000,41.270000,41.330000,41.200000,41.240000,1730900.000000
US73935X7811 [NY_SERVICES],60,20170404,200000,41.210000,41.300000,41.134500,41.220100,821900.000000
US73935X7811 [NY_SERVICES],60,20170404,210000,41.289900,41.350000,41.230000,41.230000,578800.000000
US73935X7811 [NY_SERVICES],60,20170404,220000,41.234800,41.335000,41.220000,41.330000,1140900.000000
US73935X7811 [NY_SERVICES],60,20170404,230000,41.340000,41.340000,41.340000,41.340000,110001.000000
US73935X7811 [NY_SERVICES],60,20170405,010000,41.340000,41.340000,41.340000,41.340000,1.000000
US73935X7811 [NY_SERVICES],60,20170405,160000,41.420000,41.719900,41.400000,41.600000,654800.000000
US73935X7811 [NY_SERVICES],60,20170405,170000,41.510000,41.620000,41.400000,41.414300,411700.000000
US73935X7811 [NY_SERVICES],60,20170405,180000,41.464000,41.539900,41.340000,41.430000,335700.000000
US73935X7811 [NY_SERVICES],60,20170405,190000,41.452000,41.591000,41.430000,41.550000,5769800.000000
US73935X7811 [NY_SERVICES],60,20170405,200000,41.560000,41.626900,41.530000,41.540000,282300.000000
US73935X7811 [NY_SERVICES],60,20170405,210000,41.540000,41.569900,41.230000,41.260000,1950200.000000
US73935X7811 [NY_SERVICES],60,20170405,220000,41.280000,41.300000,40.875000,40.890000,1227700.000000
US73935X7811 [NY_SERVICES],60,20170405,230000,40.890000,40.910000,40.890000,40.910000,501.000000
US73935X7811 [NY_SERVICES],60,20170406,010000,40.910000,40.910000,40.910000,40.910000,1.000000
US73935X7811 [NY_SERVICES],60,20170406,160000,40.850000,40.880900,40.450000,40.607100,1971500.000000
US73935X7811 [NY_SERVICES],60,20170406,170000,40.680000,40.729100,40.500100,40.729100,568600.000000
US73935X7811 [NY_SERVICES],60,20170406,180000,40.730000,40.859900,40.684500,40.810000,628100.000000
US73935X7811 [NY_SERVICES],60,20170406,190000,40.926900,40.959900,40.840100,40.893400,275200.000000
US73935X7811 [NY_SERVICES],60,20170406,200000,40.900000,41.190000,40.900000,41.080000,362500.000000
US73935X7811 [NY_SERVICES],60,20170406,210000,41.139000,41.139000,40.890100,40.930800,590900.000000
US73935X7811 [NY_SERVICES],60,20170406,220000,41.009000,41.080000,40.960000,41.080000,646100.000000
US73935X7811 [NY_SERVICES],60,20170406,230000,41.090000,41.090000,41.090000,41.090000,110001.000000
US73935X7811 [NY_SERVICES],60,20170407,010000,41.090000,41.090000,41.090000,41.090000,1.000000
US73935X7811 [NY_SERVICES],60,20170407,160000,41.070000,41.330000,40.990000,40.990000,425700.000000
US73935X7811 [NY_SERVICES],60,20170407,170000,41.000000,41.398500,40.920100,41.290000,1383900.000000
US73935X7811 [NY_SERVICES],60,20170407,180000,41.190000,41.310000,41.110000,41.244000,487200.000000
US73935X7811 [NY_SERVICES],60,20170407,190000,41.291000,41.417500,41.230100,41.410000,722700.000000
US73935X7811 [NY_SERVICES],60,20170407,200000,41.387000,41.409900,41.220000,41.271800,311600.000000
US73935X7811 [NY_SERVICES],60,20170407,210000,41.299900,41.300000,41.188200,41.195000,543500.000000
US73935X7811 [NY_SERVICES],60,20170407,220000,41.210000,41.327500,41.180100,41.290000,733300.000000
US73935X7811 [NY_SERVICES],60,20170407,230000,41.300000,41.300000,41.300000,41.300000,40001.000000
US73935X7811 [NY_SERVICES],60,20170408,010000,41.300000,41.300000,41.300000,41.300000,1.000000
US73935X7811 [NY_SERVICES],60,20170410,160000,41.320000,41.379900,41.251000,41.379900,390100.000000
US73935X7811 [NY_SERVICES],60,20170410,170000,41.373400,41.380000,41.120000,41.140000,534000.000000
US73935X7811 [NY_SERVICES],60,20170410,180000,41.115300,41.188800,40.920000,40.999900,475900.000000
US73935X7811 [NY_SERVICES],60,20170410,190000,40.920000,41.060000,40.830400,41.033000,539300.000000
US73935X7811 [NY_SERVICES],60,20170410,200000,41.059000,41.180300,41.020100,41.180300,268700.000000
US73935X7811 [NY_SERVICES],60,20170410,210000,41.081900,41.149900,41.049600,41.139900,717800.000000
US73935X7811 [NY_SERVICES],60,20170410,220000,41.110000,41.130000,40.940000,40.970000,1020500.000000
US73935X7811 [NY_SERVICES],60,20170410,230000,40.980000,40.980000,40.980000,40.980000,40001.000000
US73935X7811 [NY_SERVICES],60,20170411,010000,40.980000,40.980000,40.980000,40.980000,1.000000
US73935X7811 [NY_SERVICES],60,20170411,160000,40.760000,40.760000,40.300100,40.410000,2276800.000000
US73935X7811 [NY_SERVICES],60,20170411,170000,40.390100,40.560000,39.990000,40.058700,2970700.000000
US73935X7811 [NY_SERVICES],60,20170411,180000,40.059900,40.300000,40.040000,40.279000,858100.000000
US73935X7811 [NY_SERVICES],60,20170411,190000,40.269200,40.589900,40.241000,40.467300,650700.000000
US73935X7811 [NY_SERVICES],60,20170411,200000,40.616000,40.619900,40.451100,40.517200,697800.000000
US73935X7811 [NY_SERVICES],60,20170411,210000,40.541300,40.610000,40.470900,40.494100,1296800.000000
US73935X7811 [NY_SERVICES],60,20170411,220000,40.539700,40.680000,40.463800,40.680000,1169600.000000
US73935X7811 [NY_SERVICES],60,20170411,230000,40.670000,40.670000,40.670000,40.670000,50001.000000
US73935X7811 [NY_SERVICES],60,20170412,010000,40.670000,40.670000,40.670000,40.670000,1.000000
US73935X7811 [NY_SERVICES],60,20170412,160000,40.670000,40.680000,40.560000,40.649900,334800.000000
US73935X7811 [NY_SERVICES],60,20170412,170000,40.550000,40.560000,40.230000,40.230000,562200.000000
US73935X7811 [NY_SERVICES],60,20170412,180000,40.230000,40.380000,40.120000,40.150000,598800.000000
US73935X7811 [NY_SERVICES],60,20170412,190000,40.199900,40.199900,39.980000,40.043700,586000.000000
US73935X7811 [NY_SERVICES],60,20170412,200000,40.047400,40.210000,40.020000,40.143900,496500.000000
US73935X7811 [NY_SERVICES],60,20170412,210000,40.200000,40.269900,40.080000,40.150000,851700.000000
US73935X7811 [NY_SERVICES],60,20170412,220000,40.129900,40.150000,39.990000,40.010000,1725800.000000
US73935X7811 [NY_SERVICES],60,20170412,230000,40.070000,40.070000,40.070000,40.070000,50001.000000
US73935X7811 [NY_SERVICES],60,20170413,010000,40.070000,40.070000,40.070000,40.070000,1.000000
US73935X7811 [NY_SERVICES],60,20170413,160000,39.950000,40.380000,39.730000,40.245800,2427700.000000
US73935X7811 [NY_SERVICES],60,20170413,170000,40.280000,40.394300,40.250000,40.321700,436200.000000
US73935X7811 [NY_SERVICES],60,20170413,180000,40.409900,40.409900,40.201000,40.201000,448900.000000
US73935X7811 [NY_SERVICES],60,20170413,190000,40.200000,40.279900,40.020000,40.020000,187700.000000
US73935X7811 [NY_SERVICES],60,20170413,200000,40.000000,40.000000,39.810000,39.845000,1267900.000000
US73935X7811 [NY_SERVICES],60,20170413,210000,39.867700,39.980000,39.860000,39.919700,336400.000000
US73935X7811 [NY_SERVICES],60,20170413,220000,39.900000,39.910000,39.700000,39.740000,1036300.000000
US73935X7811 [NY_SERVICES],60,20170413,230000,39.720000,39.720000,39.720000,39.720000,20001.000000
US73935X7811 [NY_SERVICES],60,20170414,000000,39.720000,39.720000,39.720000,39.720000,400.000000
US73935X7811 [NY_SERVICES],60,20170414,010000,39.720000,39.720000,39.720000,39.720000,1.000000
US73935X7811 [NY_SERVICES],60,20170417,160000,39.850000,40.000000,39.800100,39.989900,705400.000000
US73935X7811 [NY_SERVICES],60,20170417,170000,39.959400,40.140000,39.910100,40.122000,603700.000000
US73935X7811 [NY_SERVICES],60,20170417,180000,40.090300,40.220000,40.080000,40.087100,2714100.000000
US73935X7811 [NY_SERVICES],60,20170417,190000,40.020000,40.130000,40.020000,40.050000,348300.000000
US73935X7811 [NY_SERVICES],60,20170417,200000,40.020000,40.109000,40.000000,40.109000,488500.000000
US73935X7811 [NY_SERVICES],60,20170417,210000,40.077000,40.128100,40.020100,40.050000,346500.000000
US73935X7811 [NY_SERVICES],60,20170417,220000,40.039700,40.320000,40.000000,40.320000,456200.000000
US73935X7811 [NY_SERVICES],60,20170417,230000,40.320000,40.320000,40.320000,40.320000,10001.000000
US73935X7811 [NY_SERVICES],60,20170418,010000,40.320000,40.320000,40.320000,40.320000,1.000000
US73935X7811 [NY_SERVICES],60,20170418,160000,40.070000,40.316600,39.990000,40.240000,394400.000000
US73935X7811 [NY_SERVICES],60,20170418,170000,40.319600,40.320000,40.115000,40.190300,659200.000000
US73935X7811 [NY_SERVICES],60,20170418,180000,40.190000,40.339000,40.165000,40.211900,231900.000000
US73935X7811 [NY_SERVICES],60,20170418,190000,40.200200,40.249900,40.171000,40.182800,81000.000000
US73935X7811 [NY_SERVICES],60,20170418,200000,40.150000,40.379900,40.150000,40.300000,610400.000000
US73935X7811 [NY_SERVICES],60,20170418,210000,40.362100,40.380000,40.300000,40.370000,231300.000000
US73935X7811 [NY_SERVICES],60,20170418,220000,40.350000,40.550000,40.349700,40.490000,491600.000000
US73935X7811 [NY_SERVICES],60,20170418,230000,40.510000,40.510000,40.510000,40.510000,10001.000000
US73935X7811 [NY_SERVICES],60,20170419,010000,40.510000,40.510000,40.510000,40.510000,1.000000
US73935X7811 [NY_SERVICES],60,20170419,160000,40.920000,41.280000,40.920000,41.220000,1872200.000000
US73935X7811 [NY_SERVICES],60,20170419,170000,41.181500,41.189600,40.920000,41.089000,711400.000000
US73935X7811 [NY_SERVICES],60,20170419,180000,41.010000,41.279500,41.010000,41.160000,1128800.000000
US73935X7811 [NY_SERVICES],60,20170419,190000,41.128800,41.166000,41.050000,41.100000,1720500.000000
US73935X7811 [NY_SERVICES],60,20170419,200000,41.070000,41.104500,41.030200,41.097400,542100.000000
US73935X7811 [NY_SERVICES],60,20170419,210000,41.066600,41.103100,40.980000,41.018000,514700.000000
US73935X7811 [NY_SERVICES],60,20170419,220000,41.060000,41.090900,40.990000,41.030000,515000.000000
US73935X7811 [NY_SERVICES],60,20170419,230000,41.060000,41.060000,41.060000,41.060000,12501.000000
US73935X7811 [NY_SERVICES],60,20170420,010000,41.060000,41.060000,41.060000,41.060000,1.000000
US73935X7811 [NY_SERVICES],60,20170420,160000,41.340000,41.459900,41.160000,41.360000,405600.000000
US73935X7811 [NY_SERVICES],60,20170420,170000,41.350000,41.400000,41.220000,41.390000,850400.000000
US73935X7811 [NY_SERVICES],60,20170420,180000,41.360000,41.610000,41.354700,41.567600,287300.000000
US73935X7811 [NY_SERVICES],60,20170420,190000,41.630000,41.782900,41.630000,41.759100,1068200.000000
US73935X7811 [NY_SERVICES],60,20170420,200000,41.762200,41.820000,41.670000,41.819900,691300.000000
US73935X7811 [NY_SERVICES],60,20170420,210000,41.810000,41.900000,41.750000,41.900000,1383100.000000
US73935X7811 [NY_SERVICES],60,20170420,220000,41.870000,41.970000,41.790100,41.900000,1404200.000000
US73935X7811 [NY_SERVICES],60,20170421,160000,41.800000,41.800000,41.361800,41.639900,2914700.000000
US73935X7811 [NY_SERVICES],60,20170421,170000,41.540100,41.770000,41.500000,41.540000,767100.000000
US73935X7811 [NY_SERVICES],60,20170421,180000,41.500000,41.720000,41.430000,41.674800,2407300.000000
US73935X7811 [NY_SERVICES],60,20170421,190000,41.671000,41.703800,41.540000,41.630000,1436600.000000
US73935X7811 [NY_SERVICES],60,20170421,200000,41.620000,41.659900,41.500000,41.621200,300000.000000
US73935X7811 [NY_SERVICES],60,20170421,210000,41.630000,41.700000,41.590000,41.636000,1966200.000000
US73935X7811 [NY_SERVICES],60,20170421,220000,41.620000,41.710000,41.582500,41.680000,3336200.000000
US73935X7811 [NY_SERVICES],60,20170421,230000,41.650000,41.650000,41.650000,41.650000,10001.000000
US73935X7811 [NY_SERVICES],60,20170422,010000,41.650000,41.650000,41.650000,41.650000,1.000000
US73935X7811 [NY_SERVICES],60,20170424,160000,42.290000,42.380000,42.090100,42.250000,2270100.000000
US73935X7811 [NY_SERVICES],60,20170424,170000,42.340400,42.350000,42.100000,42.100000,835300.000000
US73935X7811 [NY_SERVICES],60,20170424,180000,42.120000,42.140000,41.978000,42.020100,792700.000000
US73935X7811 [NY_SERVICES],60,20170424,190000,42.029900,42.210000,42.029900,42.133700,1938200.000000
US73935X7811 [NY_SERVICES],60,20170424,200000,42.180000,42.255200,42.180000,42.218400,301400.000000
US73935X7811 [NY_SERVICES],60,20170424,210000,42.240000,42.350000,42.240000,42.315400,1821500.000000
US73935X7811 [NY_SERVICES],60,20170424,220000,42.380000,42.440000,42.300000,42.300000,1445500.000000
US73935X7811 [NY_SERVICES],60,20170424,230000,42.300000,42.300000,42.300000,42.300000,10001.000000
US73935X7811 [NY_SERVICES],60,20170425,010000,42.300000,42.300000,42.300000,42.300000,1.000000
US73935X7811 [NY_SERVICES],60,20170425,160000,42.670000,42.670000,42.431100,42.431100,1721500.000000
US73935X7811 [NY_SERVICES],60,20170425,170000,42.457000,42.629900,42.400000,42.620000,1323400.000000
US73935X7811 [NY_SERVICES],60,20170425,180000,42.596600,42.810000,42.540000,42.788800,2044200.000000
US73935X7811 [NY_SERVICES],60,20170425,190000,42.797000,42.840000,42.760000,42.829900,775800.000000
US73935X7811 [NY_SERVICES],60,20170425,200000,42.820000,42.900000,42.795500,42.837100,2233400.000000
US73935X7811 [NY_SERVICES],60,20170425,210000,42.880400,42.890000,42.820000,42.879900,2153100.000000
US73935X7811 [NY_SERVICES],60,20170425,220000,42.880000,42.960000,42.850000,42.850000,1726700.000000
US73935X7811 [NY_SERVICES],60,20170425,230000,42.850000,42.850000,42.850000,42.850000,1200.000000
US73935X7811 [NY_SERVICES],60,20170426,160000,42.890000,42.899900,42.489100,42.494600,2002100.000000
US73935X7811 [NY_SERVICES],60,20170426,170000,42.603900,42.603900,42.300000,42.440000,1642500.000000
US73935X7811 [NY_SERVICES],60,20170426,180000,42.490000,42.720000,42.440000,42.607000,743800.000000
US73935X7811 [NY_SERVICES],60,20170426,190000,42.613900,42.724600,42.569400,42.711000,498300.000000
US73935X7811 [NY_SERVICES],60,20170426,200000,42.738900,42.809900,42.634100,42.662700,729500.000000
US73935X7811 [NY_SERVICES],60,20170426,210000,42.626000,42.740000,42.610000,42.657000,723500.000000
US73935X7811 [NY_SERVICES],60,20170426,220000,42.690000,42.740000,42.600000,42.643000,1038800.000000
US73935X7811 [NY_SERVICES],60,20170426,230000,42.670000,42.670000,42.670000,42.670000,300.000000
US73935X7811 [NY_SERVICES],60,20170427,160000,43.030000,43.256200,42.670000,43.209000,1304100.000000
US73935X7811 [NY_SERVICES],60,20170427,170000,43.209900,43.470000,43.120000,43.320000,1838100.000000
US73935X7811 [NY_SERVICES],60,20170427,180000,43.359900,43.360000,43.140000,43.180100,522200.000000
US73935X7811 [NY_SERVICES],60,20170427,190000,43.200000,43.370000,43.181000,43.290100,471200.000000
US73935X7811 [NY_SERVICES],60,20170427,200000,43.338800,43.370000,43.260000,43.319000,1542200.000000
US73935X7811 [NY_SERVICES],60,20170427,210000,43.310000,43.330000,43.200000,43.290000,2002600.000000
US73935X7811 [NY_SERVICES],60,20170427,220000,43.289000,43.419300,43.223100,43.340000,1924200.000000
US73935X7811 [NY_SERVICES],60,20170427,230000,43.390000,43.390000,43.390000,43.390000,300.000000
US73935X7811 [NY_SERVICES],60,20170428,000000,43.100000,43.100000,43.100000,43.100000,10000.000000
US73935X7811 [NY_SERVICES],60,20170428,010000,43.250000,43.250000,43.250000,43.250000,500.000000
US73935X7811 [NY_SERVICES],60,20170428,160000,43.340000,43.340000,42.860000,42.906900,1536800.000000
US73935X7811 [NY_SERVICES],60,20170428,170000,42.979900,42.979900,42.590000,42.616100,673600.000000
US73935X7811 [NY_SERVICES],60,20170428,180000,42.734200,42.789900,42.595600,42.630400,397600.000000
US73935X7811 [NY_SERVICES],60,20170428,190000,42.647600,42.680000,42.580000,42.600000,1175600.000000
US73935X7811 [NY_SERVICES],60,20170428,200000,42.615000,42.659000,42.511000,42.640000,671900.000000
US73935X7811 [NY_SERVICES],60,20170428,210000,42.520100,42.620000,42.500000,42.540000,578500.000000
US73935X7811 [NY_SERVICES],60,20170428,220000,42.554400,42.581600,42.480000,42.520000,1987000.000000
US73935X7811 [NY_SERVICES],60,20170428,230000,42.530000,42.530000,42.500000,42.500000,701.000000
US73935X7811 [NY_SERVICES],60,20170429,010000,42.500000,42.500000,42.500000,42.500000,1.000000
US73935X7811 [NY_SERVICES],60,20170501,160000,42.700000,42.990000,42.664800,42.750000,770100.000000
US73935X7811 [NY_SERVICES],60,20170501,170000,42.765000,42.770000,42.440000,42.636500,2810300.000000
US73935X7811 [NY_SERVICES],60,20170501,180000,42.648000,42.899000,42.600000,42.890000,1021600.000000
US73935X7811 [NY_SERVICES],60,20170501,190000,42.909700,42.950000,42.810000,42.850000,889600.000000
US73935X7811 [NY_SERVICES],60,20170501,200000,42.864700,43.140000,42.864700,43.130000,2359100.000000
US73935X7811 [NY_SERVICES],60,20170501,210000,43.140700,43.147600,43.010100,43.061500,1805700.000000
US73935X7811 [NY_SERVICES],60,20170501,220000,43.072300,43.160000,43.042500,43.160000,2359300.000000
US73935X7811 [NY_SERVICES],60,20170501,230000,43.160000,43.280000,43.160000,43.160000,72101.000000
US73935X7811 [NY_SERVICES],60,20170502,010000,43.160000,43.160000,43.160000,43.160000,1.000000
US73935X7811 [NY_SERVICES],60,20170502,160000,43.010000,43.020000,42.250100,42.430000,4439700.000000
US73935X7811 [NY_SERVICES],60,20170502,170000,42.425500,42.680000,42.320000,42.638300,2832300.000000
US73935X7811 [NY_SERVICES],60,20170502,180000,42.649900,42.669900,42.440100,42.562100,887000.000000
US73935X7811 [NY_SERVICES],60,20170502,190000,42.534500,42.609900,42.500100,42.609900,504500.000000
US73935X7811 [NY_SERVICES],60,20170502,200000,42.573900,42.595100,42.400000,42.450000,1208100.000000
US73935X7811 [NY_SERVICES],60,20170502,210000,42.470000,42.470000,42.320000,42.350000,557900.000000
US73935X7811 [NY_SERVICES],60,20170502,220000,42.335600,42.559900,42.320000,42.530000,884400.000000
US73935X7811 [NY_SERVICES],60,20170502,230000,42.530000,42.570000,42.530000,42.530000,30601.000000
US73935X7811 [NY_SERVICES],60,20170503,010000,42.530000,42.530000,42.530000,42.530000,1.000000
US73935X7811 [NY_SERVICES],60,20170503,160000,42.390000,42.390000,42.061000,42.090000,1606500.000000
US73935X7811 [NY_SERVICES],60,20170503,170000,42.100000,42.120000,41.920000,41.970000,1643300.000000
US73935X7811 [NY_SERVICES],60,20170503,180000,41.990000,42.197500,41.910100,42.190200,1121500.000000
US73935X7811 [NY_SERVICES],60,20170503,190000,42.170000,42.320000,42.151100,42.320000,120900.000000
US73935X7811 [NY_SERVICES],60,20170503,200000,42.310100,42.390000,42.240000,42.390000,239200.000000
US73935X7811 [NY_SERVICES],60,20170503,210000,42.296700,42.359900,42.192300,42.236000,426600.000000
US73935X7811 [NY_SERVICES],60,20170503,220000,42.242000,42.300000,42.200000,42.290000,1645400.000000
US73935X7811 [NY_SERVICES],60,20170503,230000,42.310000,42.310000,42.290000,42.290000,301.000000
US73935X7811 [NY_SERVICES],60,20170504,010000,42.290000,42.290000,42.290000,42.290000,1.000000
US73935X7811 [NY_SERVICES],60,20170504,160000,42.490000,42.490000,42.250100,42.298200,1480300.000000
US73935X7811 [NY_SERVICES],60,20170504,170000,42.330000,42.439900,42.254000,42.360000,420500.000000
US73935X7811 [NY_SERVICES],60,20170504,180000,42.320000,42.470000,42.320000,42.420000,197900.000000
US73935X7811 [NY_SERVICES],60,20170504,190000,42.340000,42.340000,42.120100,42.295800,370600.000000
US73935X7811 [NY_SERVICES],60,20170504,200000,42.330000,42.350000,42.288000,42.300000,260300.000000
US73935X7811 [NY_SERVICES],60,20170504,210000,42.389900,42.500000,42.360000,42.449000,358500.000000
US73935X7811 [NY_SERVICES],60,20170504,220000,42.412800,42.480000,42.363900,42.430000,248300.000000
US73935X7811 [NY_SERVICES],60,20170504,230000,42.480000,42.610000,42.480000,42.480000,21001.000000
US73935X7811 [NY_SERVICES],60,20170505,010000,42.480000,42.480000,42.480000,42.480000,1.000000
US73935X7811 [NY_SERVICES],60,20170505,160000,42.710000,42.800000,42.340000,42.340000,668300.000000
US73935X7811 [NY_SERVICES],60,20170505,170000,42.290000,42.339600,42.110000,42.270000,972600.000000
US73935X7811 [NY_SERVICES],60,20170505,180000,42.280000,42.410000,42.230000,42.386400,749500.000000
US73935X7811 [NY_SERVICES],60,20170505,190000,42.380000,42.400000,42.160100,42.340000,540000.000000
US73935X7811 [NY_SERVICES],60,20170505,200000,42.315000,42.420000,42.304000,42.390000,251800.000000
US73935X7811 [NY_SERVICES],60,20170505,210000,42.380000,42.460000,42.380000,42.460000,400000.000000
US73935X7811 [NY_SERVICES],60,20170505,220000,42.440000,42.580000,42.430000,42.580000,886800.000000
US73935X7811 [NY_SERVICES],60,20170505,230000,42.570000,42.570000,42.570000,42.570000,41001.000000
US73935X7811 [NY_SERVICES],60,20170506,010000,42.570000,42.570000,42.570000,42.570000,1.000000
US73935X7811 [NY_SERVICES],60,20170508,160000,42.700000,42.700000,42.310100,42.373600,18160.000000
US73935X7811 [NY_SERVICES],60,20170508,170000,42.539900,42.584400,42.380000,42.499900,5414.000000
US73935X7811 [NY_SERVICES],60,20170508,180000,42.499900,42.530000,42.409100,42.409100,413.000000
US73935X7811 [NY_SERVICES],60,20170508,190000,42.360300,42.450000,42.317000,42.406600,4539.000000
US73935X7811 [NY_SERVICES],60,20170508,200000,42.400000,42.459900,42.393800,42.442300,1697.000000
US73935X7811 [NY_SERVICES],60,20170508,210000,42.470000,42.470000,42.351000,42.419900,6966.000000
US73935X7811 [NY_SERVICES],60,20170508,220000,42.355800,42.380000,42.230000,42.350000,8296.000000
US73935X7811 [NY_SERVICES],60,20170508,230000,42.360000,42.480000,42.360000,42.480000,766.000000
US73935X7811 [NY_SERVICES],60,20170509,010000,42.360000,42.360000,42.360000,42.360000,1.000000
US73935X7811 [NY_SERVICES],60,20170509,160000,42.570000,42.809000,42.555100,42.809000,7557.000000
US73935X7811 [NY_SERVICES],60,20170509,170000,42.805500,42.830000,42.685400,42.712000,11270.000000
US73935X7811 [NY_SERVICES],60,20170509,180000,42.715000,42.830000,42.690000,42.762400,7022.000000
US73935X7811 [NY_SERVICES],60,20170509,190000,42.849900,42.940000,42.830000,42.830000,2220.000000
US73935X7811 [NY_SERVICES],60,20170509,200000,42.809300,42.899900,42.780100,42.866900,7605.000000
US73935X7811 [NY_SERVICES],60,20170509,210000,42.880000,42.899500,42.850000,42.866000,8691.000000
US73935X7811 [NY_SERVICES],60,20170509,220000,42.870000,42.892800,42.699500,42.810000,11060.000000
US73935X7811 [NY_SERVICES],60,20170509,230000,42.840000,43.040000,42.840000,43.040000,507.000000
US73935X7811 [NY_SERVICES],60,20170510,000000,43.050000,43.050000,43.050000,43.050000,5.000000
US73935X7811 [NY_SERVICES],60,20170510,010000,42.840000,42.840000,42.840000,42.840000,1.000000
US73935X7811 [NY_SERVICES],60,20170510,160000,42.990000,43.560000,42.990000,43.340000,9868.000000
US73935X7811 [NY_SERVICES],60,20170510,170000,43.312000,43.499000,43.288000,43.369900,17265.000000
US73935X7811 [NY_SERVICES],60,20170510,180000,43.360000,43.510000,43.325000,43.510000,2461.000000
US73935X7811 [NY_SERVICES],60,20170510,190000,43.508200,43.770000,43.508200,43.745000,12921.000000
US73935X7811 [NY_SERVICES],60,20170510,200000,43.750000,43.750000,43.660000,43.660000,14652.000000
US73935X7811 [NY_SERVICES],60,20170510,210000,43.616300,43.670000,43.560000,43.620000,8246.000000
US73935X7811 [NY_SERVICES],60,20170510,220000,43.659900,43.689900,43.560100,43.650000,10309.000000
US73935X7811 [NY_SERVICES],60,20170510,230000,43.650000,43.650000,43.650000,43.650000,616.000000
US73935X7811 [NY_SERVICES],60,20170511,010000,43.650000,43.650000,43.650000,43.650000,1.000000
US73935X7811 [NY_SERVICES],60,20170511,160000,43.590000,43.590000,43.466900,43.466900,6791.000000
US73935X7811 [NY_SERVICES],60,20170511,170000,43.420000,43.420000,43.202400,43.232300,7064.000000
US73935X7811 [NY_SERVICES],60,20170511,180000,43.305000,43.570000,43.305000,43.564600,3176.000000
US73935X7811 [NY_SERVICES],60,20170511,190000,43.580000,43.658600,43.557800,43.600000,5622.000000
US73935X7811 [NY_SERVICES],60,20170511,200000,43.663600,43.799700,43.663600,43.799700,8419.000000
US73935X7811 [NY_SERVICES],60,20170511,210000,43.830800,43.948100,43.785200,43.785200,9053.000000
US73935X7811 [NY_SERVICES],60,20170511,220000,43.810400,43.829700,43.700000,43.700000,6336.000000
US73935X7811 [NY_SERVICES],60,20170511,230000,43.760000,43.760000,43.760000,43.760000,601.000000
US73935X7811 [NY_SERVICES],60,20170512,010000,43.760000,43.760000,43.760000,43.760000,1.000000
US73935X7811 [NY_SERVICES],60,20170512,160000,43.770000,43.958300,43.639900,43.650000,12229.000000
US73935X7811 [NY_SERVICES],60,20170512,170000,43.560000,43.678900,43.500000,43.580000,5126.000000
US73935X7811 [NY_SERVICES],60,20170512,180000,43.700000,43.720000,43.669600,43.690100,3237.000000
US73935X7811 [NY_SERVICES],60,20170512,190000,43.710000,43.790400,43.686300,43.735600,4775.000000
US73935X7811 [NY_SERVICES],60,20170512,200000,43.704200,43.760000,43.674400,43.694700,8124.000000
US73935X7811 [NY_SERVICES],60,20170512,210000,43.701100,43.701100,43.633300,43.648000,4621.000000
US73935X7811 [NY_SERVICES],60,20170512,220000,43.641000,43.700000,43.549100,43.700000,47298.000000
US73935X7811 [NY_SERVICES],60,20170512,230000,43.730000,43.730000,43.730000,43.730000,201.000000
US73935X7811 [NY_SERVICES],60,20170513,010000,43.730000,43.730000,43.730000,43.730000,1.000000
US73935X7811 [NY_SERVICES],60,20170515,140000,43.760000,43.760000,43.760000,43.760000,120.000000
US73935X7811 [NY_SERVICES],60,20170515,160000,44.000000,44.219900,43.920000,44.201500,7288.000000
US73935X7811 [NY_SERVICES],60,20170515,170000,44.270000,44.290000,44.140000,44.220100,13676.000000
US73935X7811 [NY_SERVICES],60,20170515,180000,44.245000,44.322000,44.222600,44.260000,10426.000000
US73935X7811 [NY_SERVICES],60,20170515,190000,44.340000,44.375200,44.280000,44.345000,7338.000000
US73935X7811 [NY_SERVICES],60,20170515,200000,44.359600,44.504900,44.338000,44.504900,11968.000000
US73935X7811 [NY_SERVICES],60,20170515,210000,44.500000,44.500000,44.350000,44.400000,8388.000000
US73935X7811 [NY_SERVICES],60,20170515,220000,44.400000,44.440000,44.340000,44.420000,41942.000000
US73935X7811 [NY_SERVICES],60,20170515,230000,44.440000,44.440000,44.440000,44.440000,601.000000
US73935X7811 [NY_SERVICES],60,20170516,010000,44.440000,44.440000,44.440000,44.440000,1.000000
US73935X7811 [NY_SERVICES],60,20170516,160000,44.700000,44.700000,44.500000,44.550000,11517.000000
US73935X7811 [NY_SERVICES],60,20170516,170000,44.586300,44.640400,44.472800,44.534200,5600.000000
US73935X7811 [NY_SERVICES],60,20170516,180000,44.614200,44.770000,44.614200,44.729300,17001.000000
US73935X7811 [NY_SERVICES],60,20170516,190000,44.720000,44.830000,44.670000,44.812800,6135.000000
US73935X7811 [NY_SERVICES],60,20170516,200000,44.750000,44.879900,44.750000,44.858000,16514.000000
US73935X7811 [NY_SERVICES],60,20170516,210000,44.827200,44.969900,44.827200,44.914700,13222.000000
US73935X7811 [NY_SERVICES],60,20170516,220000,44.928700,45.050000,44.852100,45.050000,51037.000000
US73935X7811 [NY_SERVICES],60,20170516,230000,45.050000,45.050000,45.050000,45.050000,502.000000
US73935X7811 [NY_SERVICES],60,20170517,000000,45.040000,45.040000,45.040000,45.040000,100.000000
US73935X7811 [NY_SERVICES],60,20170517,010000,45.050000,45.050000,45.050000,45.050000,1.000000
US73935X7811 [NY_SERVICES],60,20170517,160000,44.510000,44.510000,44.000000,44.066000,51422.000000
US73935X7811 [NY_SERVICES],60,20170517,170000,44.000000,44.090100,43.500000,43.507500,50160.000000
US73935X7811 [NY_SERVICES],60,20170517,180000,43.510600,43.602600,43.390000,43.479900,19131.000000
US73935X7811 [NY_SERVICES],60,20170517,190000,43.539900,43.636000,43.430000,43.636000,9416.000000
US73935X7811 [NY_SERVICES],60,20170517,200000,43.595000,43.624000,43.374500,43.374500,10545.000000
US73935X7811 [NY_SERVICES],60,20170517,210000,43.391400,43.428000,42.810000,42.813100,14757.000000
US73935X7811 [NY_SERVICES],60,20170517,220000,42.925600,43.090000,42.690000,42.697600,27639.000000
US73935X7811 [NY_SERVICES],60,20170517,230000,42.730000,44.580000,42.730000,44.580000,601.000000
US73935X7811 [NY_SERVICES],60,20170518,000000,42.900000,42.900000,42.900000,42.900000,100.000000
US73935X7811 [NY_SERVICES],60,20170518,010000,42.730000,42.730000,42.730000,42.730000,1.000000
US73935X7811 [NY_SERVICES],60,20170518,160000,42.850000,43.140000,42.420000,43.055600,17082.000000
US73935X7811 [NY_SERVICES],60,20170518,170000,43.140000,43.480000,43.140000,43.300000,18979.000000
US73935X7811 [NY_SERVICES],60,20170518,180000,43.400000,43.520000,43.130100,43.150000,8682.000000
US73935X7811 [NY_SERVICES],60,20170518,190000,43.167900,43.210000,43.050000,43.173600,6874.000000
US73935X7811 [NY_SERVICES],60,20170518,200000,43.245300,43.374100,43.210000,43.374100,3128.000000
US73935X7811 [NY_SERVICES],60,20170518,210000,43.457100,43.560000,43.416600,43.440000,16300.000000
US73935X7811 [NY_SERVICES],60,20170518,220000,43.440000,43.580000,43.380000,43.480000,12314.000000
US73935X7811 [NY_SERVICES],60,20170518,230000,43.480000,43.480000,43.480000,43.480000,601.000000
US73935X7811 [NY_SERVICES],60,20170519,010000,43.480000,43.480000,43.480000,43.480000,1.000000
US73935X7811 [NY_SERVICES],60,20170519,160000,43.860000,44.080000,43.860000,43.860000,19575.000000
US73935X7811 [NY_SERVICES],60,20170519,170000,43.844200,43.986500,43.844200,43.915000,11025.000000
US73935X7811 [NY_SERVICES],60,20170519,180000,43.979900,43.990000,43.830400,43.866700,10136.000000
US73935X7811 [NY_SERVICES],60,20170519,190000,43.868000,44.000000,43.857300,43.979900,22754.000000
US73935X7811 [NY_SERVICES],60,20170519,200000,43.940000,43.970000,43.910000,43.930000,9472.000000
US73935X7811 [NY_SERVICES],60,20170519,210000,43.940000,44.004000,43.900000,43.937400,6512.000000
US73935X7811 [NY_SERVICES],60,20170519,220000,43.932600,43.952500,43.671500,43.790000,44611.000000
US73935X7811 [NY_SERVICES],60,20170519,230000,43.780000,43.780000,43.780000,43.780000,601.000000
US73935X7811 [NY_SERVICES],60,20170520,010000,43.780000,43.780000,43.780000,43.780000,1.000000
US73935X7811 [NY_SERVICES],60,20170522,160000,44.500000,44.500000,43.860000,43.870000,29278.000000
US73935X7811 [NY_SERVICES],60,20170522,170000,43.924800,44.104000,43.913100,43.970000,17759.000000
US73935X7811 [NY_SERVICES],60,20170522,180000,43.970000,44.130000,43.936000,44.033900,9785.000000
US73935X7811 [NY_SERVICES],60,20170522,190000,44.046500,44.096000,44.000000,44.037800,14299.000000
US73935X7811 [NY_SERVICES],60,20170522,200000,43.993000,44.056000,43.930000,43.980000,8922.000000
US73935X7811 [NY_SERVICES],60,20170522,210000,43.960000,44.120000,43.935000,44.067000,4620.000000
US73935X7811 [NY_SERVICES],60,20170522,220000,44.050000,44.280600,44.050000,44.220000,14441.000000
US73935X7811 [NY_SERVICES],60,20170522,230000,44.260000,44.260000,44.260000,44.260000,601.000000
US73935X7811 [NY_SERVICES],60,20170523,010000,44.260000,44.260000,44.260000,44.260000,1.000000
US73935X7811 [NY_SERVICES],60,20170523,160000,44.410000,44.410000,43.650000,43.730000,32909.000000
US73935X7811 [NY_SERVICES],60,20170523,170000,43.720000,43.856800,43.720000,43.770000,18867.000000
US73935X7811 [NY_SERVICES],60,20170523,180000,43.920000,44.160000,43.920000,44.160000,7450.000000
US73935X7811 [NY_SERVICES],60,20170523,190000,44.143700,44.170000,43.940000,43.963400,10407.000000
US73935X7811 [NY_SERVICES],60,20170523,200000,43.924400,43.999900,43.924400,43.980000,7191.000000
US73935X7811 [NY_SERVICES],60,20170523,210000,43.980000,44.083800,43.949900,44.070400,10388.000000
US73935X7811 [NY_SERVICES],60,20170523,220000,44.070000,44.200000,44.070000,44.180000,5662.000000
US73935X7811 [NY_SERVICES],60,20170523,230000,44.200000,44.200000,44.200000,44.200000,1058.000000
US73935X7811 [NY_SERVICES],60,20170524,010000,44.200000,44.200000,44.200000,44.200000,1.000000
US73935X7811 [NY_SERVICES],60,20170524,160000,44.390000,44.417400,44.270000,44.324800,4084.000000
US73935X7811 [NY_SERVICES],60,20170524,170000,44.370400,44.430000,44.279700,44.430000,12786.000000
US73935X7811 [NY_SERVICES],60,20170524,180000,44.402600,44.510000,44.341400,44.383500,4957.000000
US73935X7811 [NY_SERVICES],60,20170524,190000,44.406200,44.429600,44.310000,44.389000,3540.000000
US73935X7811 [NY_SERVICES],60,20170524,200000,44.373800,44.373800,44.248000,44.300100,6755.000000
US73935X7811 [NY_SERVICES],60,20170524,210000,44.258700,44.364500,44.225000,44.270000,9259.000000
US73935X7811 [NY_SERVICES],60,20170524,220000,44.330000,44.490000,44.325000,44.490000,38044.000000
US73935X7811 [NY_SERVICES],60,20170524,230000,44.470000,44.470000,44.470000,44.470000,701.000000
US73935X7811 [NY_SERVICES],60,20170525,010000,44.470000,44.470000,44.470000,44.470000,1.000000
US73935X7811 [NY_SERVICES],60,20170525,160000,44.600000,44.790000,44.420000,44.617200,9797.000000
US73935X7811 [NY_SERVICES],60,20170525,170000,44.599900,44.810000,44.589000,44.704300,10655.000000
US73935X7811 [NY_SERVICES],60,20170525,180000,44.733000,44.770000,44.610000,44.610000,7013.000000
US73935X7811 [NY_SERVICES],60,20170525,190000,44.600000,44.730000,44.585200,44.730000,3820.000000
US73935X7811 [NY_SERVICES],60,20170525,200000,44.633000,44.660000,44.600000,44.656000,9888.000000
US73935X7811 [NY_SERVICES],60,20170525,210000,44.660900,44.705600,44.590100,44.689600,24668.000000
US73935X7811 [NY_SERVICES],60,20170525,220000,44.720000,44.720100,44.630000,44.630000,7266.000000
US73935X7811 [NY_SERVICES],60,20170525,230000,44.680000,44.680000,44.680000,44.680000,701.000000
US73935X7811 [NY_SERVICES],60,20170526,010000,44.680000,44.680000,44.680000,44.680000,1.000000
US73935X7811 [NY_SERVICES],60,20170526,160000,44.660000,44.705000,44.420000,44.499000,5471.000000
US73935X7811 [NY_SERVICES],60,20170526,170000,44.570000,44.624700,44.460500,44.600000,10703.000000
US73935X7811 [NY_SERVICES],60,20170526,180000,44.580000,44.700000,44.580000,44.582400,3147.000000
US73935X7811 [NY_SERVICES],60,20170526,190000,44.592800,44.747100,44.592800,44.747100,3363.000000
US73935X7811 [NY_SERVICES],60,20170526,200000,44.808500,44.835000,44.781700,44.809900,2226.000000
US73935X7811 [NY_SERVICES],60,20170526,210000,44.809900,44.860000,44.782100,44.860000,10592.000000
US73935X7811 [NY_SERVICES],60,20170526,220000,44.870000,44.966200,44.833200,44.966200,14144.000000
US73935X7811 [NY_SERVICES],60,20170526,230000,44.960000,44.960000,44.960000,44.960000,601.000000
US73935X7811 [NY_SERVICES],60,20170527,010000,44.960000,44.960000,44.960000,44.960000,1.000000
US73935X7811 [NY_SERVICES],60,20170530,160000,45.050000,45.359900,45.000000,45.220000,11510.000000
US73935X7811 [NY_SERVICES],60,20170530,170000,45.150000,45.230000,45.000000,45.200000,12292.000000
US73935X7811 [NY_SERVICES],60,20170530,180000,45.210200,45.320000,45.190000,45.260000,10772.000000
US73935X7811 [NY_SERVICES],60,20170530,190000,45.259900,45.295600,45.250000,45.290000,5250.000000
US73935X7811 [NY_SERVICES],60,20170530,200000,45.300000,45.310000,45.255000,45.255000,7530.000000
US73935X7811 [NY_SERVICES],60,20170530,210000,45.250000,45.250000,45.155000,45.220000,8651.000000
US73935X7811 [NY_SERVICES],60,20170530,220000,45.260400,45.299000,45.180000,45.240000,14780.000000
US73935X7811 [NY_SERVICES],60,20170530,230000,45.270000,45.270000,45.270000,45.270000,703.000000
US73935X7811 [NY_SERVICES],60,20170531,010000,45.270000,45.270000,45.270000,45.270000,1.000000
US73935X7811 [NY_SERVICES],60,20170531,150000,45.500000,45.500000,45.500000,45.500000,350.000000
US73935X7811 [NY_SERVICES],60,20170531,160000,45.610000,45.610000,45.191700,45.191700,12782.000000
US73935X7811 [NY_SERVICES],60,20170531,170000,45.170000,45.226300,45.000000,45.226300,17992.000000
US73935X7811 [NY_SERVICES],60,20170531,180000,45.375000,45.400000,45.246200,45.365000,4017.000000
US73935X7811 [NY_SERVICES],60,20170531,190000,45.365000,45.386400,45.214800,45.214800,2884.000000
US73935X7811 [NY_SERVICES],60,20170531,200000,45.200100,45.280000,45.200100,45.220000,4041.000000
US73935X7811 [NY_SERVICES],60,20170531,210000,45.190800,45.190800,45.088000,45.109000,7956.000000
US73935X7811 [NY_SERVICES],60,20170531,220000,45.110000,45.280000,45.109800,45.260000,4557.000000
US73935X7811 [NY_SERVICES],60,20170531,230000,45.270000,45.270000,45.270000,45.270000,761.000000
US73935X7811 [NY_SERVICES],60,20170601,010000,45.270000,45.270000,45.270000,45.270000,1.000000
US73935X7811 [NY_SERVICES],60,20170601,160000,45.380000,45.380000,45.180000,45.180000,7317.000000
US73935X7811 [NY_SERVICES],60,20170601,170000,45.130000,45.250000,45.050000,45.080000,8936.000000
US73935X7811 [NY_SERVICES],60,20170601,180000,45.110000,45.224800,45.084500,45.224800,4885.000000
US73935X7811 [NY_SERVICES],60,20170601,190000,45.291000,45.300000,45.197000,45.239700,4528.000000
US73935X7811 [NY_SERVICES],60,20170601,200000,45.200000,45.200000,45.140000,45.140000,1810.000000
US73935X7811 [NY_SERVICES],60,20170601,210000,45.150000,45.210000,45.124800,45.140000,2924.000000
US73935X7811 [NY_SERVICES],60,20170601,220000,45.160000,45.280000,45.140000,45.270000,7838.000000
US73935X7811 [NY_SERVICES],60,20170601,230000,45.320000,45.320000,45.320000,45.320000,701.000000
US73935X7811 [NY_SERVICES],60,20170602,010000,45.320000,45.320000,45.320000,45.320000,1.000000
US73935X7811 [NY_SERVICES],60,20170602,160000,45.570000,45.630000,45.320000,45.350000,10723.000000
US73935X7811 [NY_SERVICES],60,20170602,170000,45.470000,45.680000,45.460000,45.670000,8237.000000
US73935X7811 [NY_SERVICES],60,20170602,180000,45.670000,45.919900,45.670000,45.861200,9544.000000
US73935X7811 [NY_SERVICES],60,20170602,190000,45.919000,45.919500,45.750000,45.750000,18356.000000
US73935X7811 [NY_SERVICES],60,20170602,200000,45.730000,45.829000,45.730000,45.795000,5742.000000
US73935X7811 [NY_SERVICES],60,20170602,210000,45.805200,45.879900,45.800000,45.800000,4040.000000
US73935X7811 [NY_SERVICES],60,20170602,220000,45.850000,45.873200,45.780000,45.800000,8533.000000
US73935X7811 [NY_SERVICES],60,20170602,230000,45.820000,45.820000,45.820000,45.820000,601.000000
US73935X7811 [NY_SERVICES],60,20170603,010000,45.820000,45.820000,45.820000,45.820000,1.000000
US73935X7811 [NY_SERVICES],60,20170605,160000,45.960000,46.100000,45.748300,45.949500,24511.000000
US73935X7811 [NY_SERVICES],60,20170605,170000,45.958000,46.110000,45.940100,46.000000,20612.000000
US73935X7811 [NY_SERVICES],60,20170605,180000,45.980000,46.050000,45.750000,45.810000,18547.000000
US73935X7811 [NY_SERVICES],60,20170605,190000,45.810000,45.810000,45.730000,45.790000,11614.000000
US73935X7811 [NY_SERVICES],60,20170605,200000,45.790000,45.800300,45.750000,45.800300,8484.000000
US73935X7811 [NY_SERVICES],60,20170605,210000,45.819000,45.880000,45.790100,45.849700,5806.000000
US73935X7811 [NY_SERVICES],60,20170605,220000,45.850000,45.850000,45.793300,45.810000,13225.000000
US73935X7811 [NY_SERVICES],60,20170605,230000,45.820000,45.820000,45.820000,45.820000,901.000000
US73935X7811 [NY_SERVICES],60,20170606,010000,45.820000,45.820000,45.820000,45.820000,1.000000
US73935X7811 [NY_SERVICES],60,20170606,150000,45.750000,45.750000,45.750000,45.750000,100.000000
US73935X7811 [NY_SERVICES],60,20170606,160000,45.610000,45.980000,45.500000,45.930000,11378.000000
US73935X7811 [NY_SERVICES],60,20170606,170000,46.000000,46.258000,45.983100,46.200000,20083.000000
US73935X7811 [NY_SERVICES],60,20170606,180000,46.199600,46.250000,46.130000,46.199900,12902.000000
US73935X7811 [NY_SERVICES],60,20170606,190000,46.175000,46.250000,46.110000,46.151400,8899.000000
US73935X7811 [NY_SERVICES],60,20170606,200000,46.120100,46.150000,46.087300,46.109700,5347.000000
US73935X7811 [NY_SERVICES],60,20170606,210000,46.083900,46.270000,46.083900,46.264500,11787.000000
US73935X7811 [NY_SERVICES],60,20170606,220000,46.280000,46.280000,46.000000,46.080000,14216.000000
US73935X7811 [NY_SERVICES],60,20170606,230000,46.070000,46.070000,46.070000,46.070000,943.000000
US73935X7811 [NY_SERVICES],60,20170607,010000,46.070000,46.070000,46.070000,46.070000,1.000000
US73935X7811 [NY_SERVICES],60,20170607,160000,46.220000,46.410000,46.193300,46.410000,9943.000000
US73935X7811 [NY_SERVICES],60,20170607,170000,46.350000,46.589900,46.340000,46.541400,15159.000000
US73935X7811 [NY_SERVICES],60,20170607,180000,46.569000,46.690000,46.510200,46.579800,10071.000000
US73935X7811 [NY_SERVICES],60,20170607,190000,46.500000,46.535000,46.290400,46.307200,19788.000000
US73935X7811 [NY_SERVICES],60,20170607,200000,46.338600,46.449900,46.338600,46.449900,6579.000000
US73935X7811 [NY_SERVICES],60,20170607,210000,46.480000,46.590000,46.450000,46.560000,52569.000000
US73935X7811 [NY_SERVICES],60,20170607,220000,46.550000,46.700000,46.520000,46.650000,13127.000000
US73935X7811 [NY_SERVICES],60,20170607,230000,46.670000,46.670000,46.670000,46.670000,1146.000000
US73935X7811 [NY_SERVICES],60,20170608,010000,46.670000,46.670000,46.670000,46.670000,1.000000
US73935X7811 [NY_SERVICES],60,20170608,160000,46.980000,46.980000,46.560000,46.741200,10415.000000
US73935X7811 [NY_SERVICES],60,20170608,170000,46.790000,46.970000,46.750000,46.932500,7804.000000
US73935X7811 [NY_SERVICES],60,20170608,180000,46.980000,47.130000,46.978600,47.130000,12087.000000
US73935X7811 [NY_SERVICES],60,20170608,190000,47.150000,47.280000,47.130000,47.265000,18142.000000
US73935X7811 [NY_SERVICES],60,20170608,200000,47.260000,47.420000,47.200000,47.420000,18387.000000
US73935X7811 [NY_SERVICES],60,20170608,210000,47.372100,47.380500,47.180400,47.227200,11578.000000
US73935X7811 [NY_SERVICES],60,20170608,220000,47.359400,47.600000,47.359400,47.550000,17468.000000
US73935X7811 [NY_SERVICES],60,20170608,230000,47.570000,47.570000,47.570000,47.570000,906.000000
US73935X7811 [NY_SERVICES],60,20170609,010000,47.570000,47.570000,47.570000,47.570000,1.000000
US73935X7811 [NY_SERVICES],60,20170609,160000,47.690000,48.391200,47.640100,47.700000,18105.000000
US73935X7811 [NY_SERVICES],60,20170609,170000,47.685000,47.850000,47.670000,47.709000,21242.000000
US73935X7811 [NY_SERVICES],60,20170609,180000,47.700000,47.700000,47.280000,47.350000,34857.000000
US73935X7811 [NY_SERVICES],60,20170609,190000,47.316500,47.316500,46.438700,46.480000,27597.000000
US73935X7811 [NY_SERVICES],60,20170609,200000,46.430000,46.435000,45.600000,45.600000,60526.000000
US73935X7811 [NY_SERVICES],60,20170609,210000,45.520000,45.655600,44.414400,44.828400,73573.000000
US73935X7811 [NY_SERVICES],60,20170609,220000,44.850000,45.530000,44.810000,45.260000,51097.000000
US73935X7811 [NY_SERVICES],60,20170609,230000,45.280000,45.280000,45.280000,45.280000,975.000000
US73935X7811 [NY_SERVICES],60,20170610,010000,45.280000,45.280000,45.280000,45.280000,1.000000
US73935X7811 [NY_SERVICES],60,20170612,140000,45.010000,45.010000,44.700000,44.700000,524.000000
US73935X7811 [NY_SERVICES],60,20170612,150000,37.000000,44.600000,37.000000,44.600000,1871.000000
US73935X7811 [NY_SERVICES],60,20170612,160000,44.500000,44.650000,43.350000,43.783800,95316.000000
US73935X7811 [NY_SERVICES],60,20170612,170000,43.668400,44.460000,43.650000,44.400000,46749.000000
US73935X7811 [NY_SERVICES],60,20170612,180000,44.386200,44.930000,44.260000,44.320000,35530.000000
US73935X7811 [NY_SERVICES],60,20170612,190000,44.320000,44.580000,44.310100,44.410000,14492.000000
US73935X7811 [NY_SERVICES],60,20170612,200000,44.446600,44.540000,44.380000,44.390900,10435.000000
US73935X7811 [NY_SERVICES],60,20170612,210000,44.410000,44.579900,44.390000,44.540000,7726.000000
US73935X7811 [NY_SERVICES],60,20170612,220000,44.530000,44.629900,44.450000,44.610000,16856.000000
US73935X7811 [NY_SERVICES],60,20170612,230000,44.650000,44.650000,44.650000,44.650000,201.000000
US73935X7811 [NY_SERVICES],60,20170613,010000,44.650000,44.650000,44.650000,44.650000,1.000000
US73935X7811 [NY_SERVICES],60,20170613,160000,45.100000,45.510000,45.100000,45.239900,28690.000000
US73935X7811 [NY_SERVICES],60,20170613,170000,45.300000,45.300000,44.518300,44.518300,14173.000000
US73935X7811 [NY_SERVICES],60,20170613,180000,44.478100,44.954000,44.470000,44.954000,8468.000000
US73935X7811 [NY_SERVICES],60,20170613,190000,44.997000,44.997000,44.790000,44.923400,9957.000000
US73935X7811 [NY_SERVICES],60,20170613,200000,44.969900,44.969900,44.783000,44.899900,26340.000000
US73935X7811 [NY_SERVICES],60,20170613,210000,44.899900,44.900000,44.680000,44.810000,28034.000000
US73935X7811 [NY_SERVICES],60,20170613,220000,44.840000,44.970000,44.780000,44.960000,8109.000000
US73935X7811 [NY_SERVICES],60,20170613,230000,44.960000,44.960000,44.960000,44.960000,401.000000
US73935X7811 [NY_SERVICES],60,20170614,010000,44.960000,44.960000,44.960000,44.960000,1.000000
US73935X7811 [NY_SERVICES],60,20170614,160000,45.360000,45.360000,44.650000,44.821200,8487.000000
US73935X7811 [NY_SERVICES],60,20170614,170000,44.830000,44.840000,44.621000,44.629400,12614.000000
US73935X7811 [NY_SERVICES],60,20170614,180000,44.613000,44.790800,44.613000,44.790800,2904.000000
US73935X7811 [NY_SERVICES],60,20170614,190000,44.840400,44.840400,44.680000,44.765600,3645.000000
US73935X7811 [NY_SERVICES],60,20170614,200000,44.715000,44.715000,44.510000,44.520000,3101.000000
US73935X7811 [NY_SERVICES],60,20170614,210000,44.434400,44.560000,43.950000,44.136000,37353.000000
US73935X7811 [NY_SERVICES],60,20170614,220000,44.092500,44.220000,43.720500,44.220000,17312.000000
US73935X7811 [NY_SERVICES],60,20170614,230000,44.210000,44.210000,44.210000,44.210000,101.000000
US73935X7811 [NY_SERVICES],60,20170615,010000,44.210000,44.210000,44.210000,44.210000,1.000000
US73935X7811 [NY_SERVICES],60,20170615,150000,43.400000,43.400000,43.350000,43.360000,646.000000
US73935X7811 [NY_SERVICES],60,20170615,160000,43.370000,43.750000,43.110000,43.699800,50890.000000
US73935X7811 [NY_SERVICES],60,20170615,170000,43.720000,43.785600,43.200000,43.538700,19747.000000
US73935X7811 [NY_SERVICES],60,20170615,180000,43.548000,43.660000,43.477200,43.500000,12882.000000
US73935X7811 [NY_SERVICES],60,20170615,190000,43.460100,43.540000,43.430000,43.507500,12436.000000
US73935X7811 [NY_SERVICES],60,20170615,200000,43.550000,43.627000,43.520000,43.520000,2295.000000
US73935X7811 [NY_SERVICES],60,20170615,210000,43.520000,43.670000,43.520000,43.540000,15095.000000
US73935X7811 [NY_SERVICES],60,20170615,220000,43.529800,43.630000,43.490000,43.510000,11083.000000
US73935X7811 [NY_SERVICES],60,20170615,230000,43.520000,43.520000,43.520000,43.520000,216.000000
US73935X7811 [NY_SERVICES],60,20170616,010000,43.520000,43.520000,43.520000,43.520000,1.000000
US73935X7811 [NY_SERVICES],60,20170616,160000,43.470000,44.101600,43.470000,44.101600,24513.000000
US73935X7811 [NY_SERVICES],60,20170616,170000,44.050000,44.050000,43.609000,43.609000,5174.000000
US73935X7811 [NY_SERVICES],60,20170616,180000,43.595000,43.595000,43.400000,43.484700,3963.000000
US73935X7811 [NY_SERVICES],60,20170616,190000,43.533700,43.593400,43.520000,43.584700,2049.000000
US73935X7811 [NY_SERVICES],60,20170616,200000,43.550000,43.550000,43.494000,43.540000,2541.000000
US73935X7811 [NY_SERVICES],60,20170616,210000,43.540000,43.620500,43.540000,43.610000,2599.000000
US73935X7811 [NY_SERVICES],60,20170616,220000,43.617100,43.617100,43.413700,43.520000,4475.000000
US73935X7811 [NY_SERVICES],60,20170616,230000,43.530000,43.530000,43.530000,43.530000,301.000000
US73935X7811 [NY_SERVICES],60,20170617,010000,43.530000,43.530000,43.530000,43.530000,1.000000
US73935X7811 [NY_SERVICES],60,20170619,160000,44.000000,44.496400,43.910000,44.241300,4267.000000
US73935X7811 [NY_SERVICES],60,20170619,170000,44.330000,44.380000,44.131600,44.220000,15998.000000
US73935X7811 [NY_SERVICES],60,20170619,180000,44.100000,44.200000,44.098000,44.179500,8737.000000
US73935X7811 [NY_SERVICES],60,20170619,190000,44.197000,44.204100,44.081500,44.136000,9578.000000
US73935X7811 [NY_SERVICES],60,20170619,200000,44.200000,44.260800,44.166800,44.229700,8141.000000
US73935X7811 [NY_SERVICES],60,20170619,210000,44.200000,44.202000,44.114200,44.150000,5551.000000
US73935X7811 [NY_SERVICES],60,20170619,220000,44.131700,44.409900,44.131700,44.340000,23268.000000
US73935X7811 [NY_SERVICES],60,20170619,230000,44.340000,44.340000,44.340000,44.340000,551.000000
US73935X7811 [NY_SERVICES],60,20170620,010000,44.340000,44.340000,44.340000,44.340000,1.000000
US73935X7811 [NY_SERVICES],60,20170620,160000,44.370000,44.550000,44.340000,44.421300,6555.000000
US73935X7811 [NY_SERVICES],60,20170620,170000,44.214000,44.290000,44.010000,44.076000,12692.000000
US73935X7811 [NY_SERVICES],60,20170620,180000,44.050100,44.090000,43.670000,43.937400,9583.000000
US73935X7811 [NY_SERVICES],60,20170620,190000,43.919000,43.919000,43.726700,43.760400,2925.000000
US73935X7811 [NY_SERVICES],60,20170620,200000,43.833200,43.870000,43.797700,43.797700,6647.000000
US73935X7811 [NY_SERVICES],60,20170620,210000,43.857000,43.860000,43.600100,43.730000,18241.000000
US73935X7811 [NY_SERVICES],60,20170620,220000,43.750000,43.803500,43.600000,43.612900,5656.000000
US73935X7811 [NY_SERVICES],60,20170620,230000,43.620000,43.620000,43.620000,43.620000,702.000000
US73935X7811 [NY_SERVICES],60,20170621,010000,43.620000,43.620000,43.620000,43.620000,1.000000
US73935X7811 [NY_SERVICES],60,20170621,160000,43.720000,43.889900,43.720000,43.854000,6826.000000
US73935X7811 [NY_SERVICES],60,20170621,170000,43.810000,44.040000,43.780000,43.940000,21413.000000
US73935X7811 [NY_SERVICES],60,20170621,180000,43.990000,44.000000,43.926800,43.987800,4801.000000
US73935X7811 [NY_SERVICES],60,20170621,190000,44.055900,44.080000,43.910000,43.910000,4375.000000
US73935X7811 [NY_SERVICES],60,20170621,200000,43.944900,44.125000,43.944900,44.050000,7180.000000
US73935X7811 [NY_SERVICES],60,20170621,210000,44.050000,44.050000,43.920000,43.978400,2259.000000
US73935X7811 [NY_SERVICES],60,20170621,220000,43.917700,43.942600,43.877600,43.940000,7013.000000
US73935X7811 [NY_SERVICES],60,20170621,230000,43.960000,43.960000,43.960000,43.960000,701.000000
US73935X7811 [NY_SERVICES],60,20170622,010000,43.960000,43.960000,43.960000,43.960000,1.000000
US73935X7811 [NY_SERVICES],60,20170622,160000,43.910000,44.004000,43.574000,43.574000,11797.000000
US73935X7811 [NY_SERVICES],60,20170622,170000,43.610900,43.850000,43.470000,43.850000,7158.000000
US73935X7811 [NY_SERVICES],60,20170622,180000,43.690600,43.809900,43.690600,43.744100,4303.000000
US73935X7811 [NY_SERVICES],60,20170622,190000,43.850000,43.850000,43.806200,43.816200,7771.000000
US73935X7811 [NY_SERVICES],60,20170622,200000,43.870000,43.874500,43.835000,43.854700,2013.000000
US73935X7811 [NY_SERVICES],60,20170622,210000,43.840000,43.950000,43.840000,43.850000,10990.000000
US73935X7811 [NY_SERVICES],60,20170622,220000,43.870000,43.920000,43.729500,43.750000,13228.000000
US73935X7811 [NY_SERVICES],60,20170622,230000,43.750000,43.750000,43.750000,43.750000,701.000000
US73935X7811 [NY_SERVICES],60,20170623,010000,43.750000,43.750000,43.750000,43.750000,1.000000
US73935X7811 [NY_SERVICES],60,20170623,160000,43.710000,43.814300,43.690000,43.814300,2504.000000
US73935X7811 [NY_SERVICES],60,20170623,170000,43.900000,44.100000,43.870000,44.080200,13600.000000
US73935X7811 [NY_SERVICES],60,20170623,180000,44.056000,44.089200,43.990500,43.990500,4388.000000
US73935X7811 [NY_SERVICES],60,20170623,190000,44.034900,44.182600,44.034900,44.149300,3719.000000
US73935X7811 [NY_SERVICES],60,20170623,200000,44.110000,44.172700,44.081000,44.172700,3875.000000
US73935X7811 [NY_SERVICES],60,20170623,210000,44.115800,44.160000,44.000000,44.050000,6847.000000
US73935X7811 [NY_SERVICES],60,20170623,220000,43.950000,44.020000,43.936800,44.010000,7551.000000
US73935X7811 [NY_SERVICES],60,20170623,230000,44.000000,44.000000,44.000000,44.000000,651.000000
US73935X7811 [NY_SERVICES],60,20170624,010000,44.000000,44.000000,44.000000,44.000000,1.000000
US73935X7811 [NY_SERVICES],60,20170626,150000,44.180000,44.180000,44.180000,44.180000,2436.000000
US73935X7811 [NY_SERVICES],60,20170626,160000,44.220000,44.466000,44.036000,44.160300,15483.000000
US73935X7811 [NY_SERVICES],60,20170626,170000,44.120000,44.120000,43.450400,43.480000,20277.000000
US73935X7811 [NY_SERVICES],60,20170626,180000,43.479700,43.610000,43.250400,43.610000,11916.000000
US73935X7811 [NY_SERVICES],60,20170626,190000,43.694000,43.740000,43.620000,43.699400,3296.000000
US73935X7811 [NY_SERVICES],60,20170626,200000,43.683300,43.701200,43.610000,43.676700,3066.000000
US73935X7811 [NY_SERVICES],60,20170626,210000,43.631000,43.714800,43.570100,43.710000,5783.000000
US73935X7811 [NY_SERVICES],60,20170626,220000,43.650000,43.720000,43.550000,43.550000,3801.000000
US73935X7811 [NY_SERVICES],60,20170626,230000,43.590000,43.590000,43.590000,43.590000,701.000000
US73935X7811 [NY_SERVICES],60,20170627,010000,43.590000,43.590000,43.590000,43.590000,1.000000
US73935X7811 [NY_SERVICES],60,20170627,160000,43.320000,43.487600,42.940000,43.010000,27197.000000
US73935X7811 [NY_SERVICES],60,20170627,170000,43.060000,43.159900,42.900000,43.070000,27659.000000
US73935X7811 [NY_SERVICES],60,20170627,180000,43.020000,43.063100,42.970000,43.040000,11218.000000
US73935X7811 [NY_SERVICES],60,20170627,190000,43.045000,43.140000,42.951000,42.951000,28206.000000
US73935X7811 [NY_SERVICES],60,20170627,200000,42.946500,42.950000,42.560000,42.598400,17129.000000
US73935X7811 [NY_SERVICES],60,20170627,210000,42.630000,42.739200,42.490000,42.618000,48388.000000
US73935X7811 [NY_SERVICES],60,20170627,220000,42.565100,42.600000,42.290000,42.300000,42602.000000
US73935X7811 [NY_SERVICES],60,20170627,230000,42.320000,42.320000,42.320000,42.320000,201.000000
US73935X7811 [NY_SERVICES],60,20170628,010000,42.320000,42.320000,42.320000,42.320000,1.000000
US73935X7811 [NY_SERVICES],60,20170628,160000,42.580000,42.736400,42.110000,42.173200,14636.000000
US73935X7811 [NY_SERVICES],60,20170628,170000,42.200000,42.867500,42.200000,42.850000,5791.000000
US73935X7811 [NY_SERVICES],60,20170628,180000,42.939900,43.023000,42.830000,42.956400,8049.000000
US73935X7811 [NY_SERVICES],60,20170628,190000,42.981400,43.089700,42.930000,43.040000,5503.000000
US73935X7811 [NY_SERVICES],60,20170628,200000,43.115400,43.180000,43.020000,43.060000,6537.000000
US73935X7811 [NY_SERVICES],60,20170628,210000,43.058000,43.129400,43.050000,43.104500,6084.000000
US73935X7811 [NY_SERVICES],60,20170628,220000,43.119200,43.299500,43.100000,43.210000,7467.000000
US73935X7811 [NY_SERVICES],60,20170628,230000,43.250000,43.250000,43.250000,43.250000,401.000000
US73935X7811 [NY_SERVICES],60,20170629,010000,43.250000,43.250000,43.250000,43.250000,1.000000
US73935X7811 [NY_SERVICES],60,20170629,160000,43.070000,43.420000,42.570000,42.629500,16240.000000
US73935X7811 [NY_SERVICES],60,20170629,170000,42.630000,42.630000,42.310000,42.460000,14101.000000
US73935X7811 [NY_SERVICES],60,20170629,180000,42.319000,42.319000,41.790000,41.980000,22804.000000
US73935X7811 [NY_SERVICES],60,20170629,190000,42.010000,42.089000,41.720000,41.720000,41989.000000
US73935X7811 [NY_SERVICES],60,20170629,200000,41.760000,41.760000,41.380000,41.660000,18409.000000
US73935X7811 [NY_SERVICES],60,20170629,210000,41.633400,41.869000,41.633400,41.815400,15352.000000
US73935X7811 [NY_SERVICES],60,20170629,220000,41.850000,42.108400,41.846100,42.070000,39128.000000
US73935X7811 [NY_SERVICES],60,20170629,230000,42.050000,42.050000,42.050000,42.050000,101.000000
US73935X7811 [NY_SERVICES],60,20170630,010000,42.150000,42.150000,42.050000,42.050000,101.000000
US73935X7811 [NY_SERVICES],60,20170630,160000,42.120000,42.320000,41.950000,41.950000,5804.000000
US73935X7811 [NY_SERVICES],60,20170630,170000,41.840000,42.000000,41.670000,41.850000,12783.000000
US73935X7811 [NY_SERVICES],60,20170630,180000,41.890000,41.896000,41.725600,41.858900,5349.000000
US73935X7811 [NY_SERVICES],60,20170630,190000,41.880000,41.890000,41.790000,41.790000,42772.000000
US73935X7811 [NY_SERVICES],60,20170630,200000,41.874700,41.937700,41.839500,41.890300,6401.000000
US73935X7811 [NY_SERVICES],60,20170630,210000,41.887900,42.010000,41.880000,41.970000,21842.000000
US73935X7811 [NY_SERVICES],60,20170630,220000,41.995900,41.995900,41.710000,41.760000,7565.000000
US73935X7811 [NY_SERVICES],60,20170630,230000,41.730000,41.730000,41.730000,41.730000,601.000000
US73935X7811 [NY_SERVICES],60,20170701,010000,41.950000,41.950000,41.730000,41.730000,101.000000
US73935X7811 [NY_SERVICES],60,20170703,150000,41.900000,41.900000,41.900000,41.900000,775.000000
US73935X7811 [NY_SERVICES],60,20170703,160000,41.910000,42.065400,41.867600,42.065400,5486.000000
US73935X7811 [NY_SERVICES],60,20170703,170000,41.960400,41.970000,41.450000,41.460000,26592.000000
US73935X7811 [NY_SERVICES],60,20170703,180000,41.440000,41.530000,41.220000,41.420100,22346.000000
US73935X7811 [NY_SERVICES],60,20170703,190000,41.350600,41.382000,41.220000,41.300000,22449.000000
US73935X7811 [NY_SERVICES],60,20170705,160000,41.340000,41.795600,41.340000,41.690000,22700.000000
US73935X7811 [NY_SERVICES],60,20170705,170000,41.610000,41.860000,41.490000,41.769000,11242.000000
US73935X7811 [NY_SERVICES],60,20170705,180000,41.700000,41.808800,41.540000,41.690000,22195.000000
US73935X7811 [NY_SERVICES],60,20170705,190000,41.705000,41.720100,41.670000,41.700700,7332.000000
US73935X7811 [NY_SERVICES],60,20170705,200000,41.698600,41.950000,41.698600,41.810500,5186.000000
US73935X7811 [NY_SERVICES],60,20170705,210000,41.777900,42.000000,41.741700,41.835000,22440.000000
US73935X7811 [NY_SERVICES],60,20170705,220000,41.820000,41.980000,41.740000,41.930000,30507.000000
US73935X7811 [NY_SERVICES],60,20170705,230000,41.940000,41.940000,41.940000,41.940000,201.000000
US73935X7811 [NY_SERVICES],60,20170706,010000,41.940000,41.940000,41.940000,41.940000,1.000000
US73935X7811 [NY_SERVICES],60,20170706,160000,41.580000,41.710000,41.405000,41.540000,10776.000000
US73935X7811 [NY_SERVICES],60,20170706,170000,41.618500,41.750000,41.480000,41.710000,14287.000000
US73935X7811 [NY_SERVICES],60,20170706,180000,41.705000,42.170000,41.705000,42.040000,3131.000000
US73935X7811 [NY_SERVICES],60,20170706,190000,42.104700,42.104700,42.030000,42.067200,10230.000000
US73935X7811 [NY_SERVICES],60,20170706,200000,42.050000,42.085000,42.025700,42.073000,3350.000000
US73935X7811 [NY_SERVICES],60,20170706,210000,42.080000,42.080000,41.890000,41.970000,4479.000000
US73935X7811 [NY_SERVICES],60,20170706,220000,41.966400,41.985000,41.820000,41.940000,8283.000000
US73935X7811 [NY_SERVICES],60,20170706,230000,41.950000,41.950000,41.950000,41.950000,259.000000
US73935X7811 [NY_SERVICES],60,20170707,010000,41.950000,41.950000,41.950000,41.950000,1.000000
US73935X7811 [NY_SERVICES],60,20170707,160000,42.100000,42.730000,42.100000,42.704000,9261.000000
US73935X7811 [NY_SERVICES],60,20170707,170000,42.620000,42.665000,42.480000,42.529900,11456.000000
US73935X7811 [NY_SERVICES],60,20170707,180000,42.470000,42.700000,42.455100,42.671200,7762.000000
US73935X7811 [NY_SERVICES],60,20170707,190000,42.723600,42.750000,42.660000,42.720000,3809.000000
US73935X7811 [NY_SERVICES],60,20170707,200000,42.770000,42.872000,42.770000,42.820000,16274.000000
US73935X7811 [NY_SERVICES],60,20170707,210000,42.780000,42.790000,42.615000,42.650000,3716.000000
US73935X7811 [NY_SERVICES],60,20170707,220000,42.650000,42.800000,42.650000,42.740000,6424.000000
US73935X7811 [NY_SERVICES],60,20170710,160000,42.900000,43.000000,42.640000,42.695000,17442.000000
US73935X7811 [NY_SERVICES],60,20170710,170000,42.700000,42.908000,42.700000,42.860000,4753.000000
US73935X7811 [NY_SERVICES],60,20170710,180000,42.892700,43.038000,42.870000,43.010000,6175.000000
US73935X7811 [NY_SERVICES],60,20170710,190000,43.050000,43.160000,43.020000,43.090000,7258.000000
US73935X7811 [NY_SERVICES],60,20170710,200000,43.130000,43.236800,43.070100,43.236800,11485.000000
US73935X7811 [NY_SERVICES],60,20170710,210000,43.230000,43.300000,43.230000,43.287100,4132.000000
US73935X7811 [NY_SERVICES],60,20170710,220000,43.300000,43.388600,43.215000,43.300000,27143.000000
US73935X7811 [NY_SERVICES],60,20170710,230000,43.300000,43.300000,43.120000,43.120000,451.000000
US73935X7811 [NY_SERVICES],60,20170711,000000,43.280000,43.280000,43.280000,43.280000,100.000000
US73935X7811 [NY_SERVICES],60,20170711,010000,43.300000,43.300000,43.300000,43.300000,1.000000
US73935X7811 [NY_SERVICES],60,20170711,160000,43.330000,43.448300,43.300000,43.300000,4139.000000
US73935X7811 [NY_SERVICES],60,20170711,170000,43.620000,43.869900,43.585000,43.795000,10994.000000
US73935X7811 [NY_SERVICES],60,20170711,180000,43.809900,43.809900,43.380000,43.650000,5585.000000
US73935X7811 [NY_SERVICES],60,20170711,190000,43.680000,43.690000,43.515000,43.628100,6723.000000
US73935X7811 [NY_SERVICES],60,20170711,200000,43.650000,43.690000,43.630000,43.690000,2714.000000
US73935X7811 [NY_SERVICES],60,20170711,210000,43.710000,43.752800,43.710000,43.712400,3500.000000
US73935X7811 [NY_SERVICES],60,20170711,220000,43.750000,43.900000,43.746800,43.900000,6862.000000
US73935X7811 [NY_SERVICES],60,20170711,230000,43.890000,43.890000,43.890000,43.890000,247.000000
US73935X7811 [NY_SERVICES],60,20170712,010000,43.890000,43.890000,43.890000,43.890000,1.000000
US73935X7811 [NY_SERVICES],60,20170712,160000,44.440000,44.495000,44.159200,44.208000,11775.000000
US73935X7811 [NY_SERVICES],60,20170712,170000,44.253400,44.459900,44.210000,44.380000,6717.000000
US73935X7811 [NY_SERVICES],60,20170712,180000,44.380000,44.460000,44.350000,44.459600,37075.000000
US73935X7811 [NY_SERVICES],60,20170712,190000,44.448300,44.448300,44.350000,44.420000,1910.000000
US73935X7811 [NY_SERVICES],60,20170712,200000,44.410000,44.470000,44.328000,44.427200,15091.000000
US73935X7811 [NY_SERVICES],60,20170712,210000,44.440000,44.540000,44.440000,44.519900,22235.000000
US73935X7811 [NY_SERVICES],60,20170712,220000,44.520000,44.600000,44.520000,44.550000,13104.000000
US73935X7811 [NY_SERVICES],60,20170712,230000,44.570000,44.570000,44.570000,44.570000,201.000000
US73935X7811 [NY_SERVICES],60,20170713,010000,44.570000,44.570000,44.570000,44.570000,1.000000
US73935X7811 [NY_SERVICES],60,20170713,160000,44.630000,44.792500,44.500000,44.650000,5997.000000
US73935X7811 [NY_SERVICES],60,20170713,170000,44.725000,44.780000,44.330000,44.468600,6019.000000
US73935X7811 [NY_SERVICES],60,20170713,180000,44.560000,44.622500,44.440000,44.440000,11157.000000
US73935X7811 [NY_SERVICES],60,20170713,190000,44.528000,44.640000,44.528000,44.640000,674.000000
US73935X7811 [NY_SERVICES],60,20170713,200000,44.551500,44.551500,44.281600,44.300500,4129.000000
US73935X7811 [NY_SERVICES],60,20170713,210000,44.369500,44.399900,44.293800,44.350000,5588.000000
US73935X7811 [NY_SERVICES],60,20170713,220000,44.398200,44.470000,44.380000,44.470000,6320.000000
US73935X7811 [NY_SERVICES],60,20170713,230000,44.490000,44.490000,44.490000,44.490000,201.000000
US73935X7811 [NY_SERVICES],60,20170714,010000,44.490000,44.490000,44.490000,44.490000,1.000000
US73935X7811 [NY_SERVICES],60,20170714,160000,44.660000,44.825700,44.580000,44.580000,9002.000000
US73935X7811 [NY_SERVICES],60,20170714,170000,44.639700,44.770000,44.610000,44.703600,45158.000000
US73935X7811 [NY_SERVICES],60,20170714,180000,44.785000,44.829000,44.785000,44.788000,1023.000000
US73935X7811 [NY_SERVICES],60,20170714,190000,44.780000,44.818700,44.740000,44.812800,14240.000000
US73935X7811 [NY_SERVICES],60,20170714,200000,44.785500,44.920000,44.785500,44.902900,5500.000000
US73935X7811 [NY_SERVICES],60,20170714,210000,44.895000,44.980000,44.881000,44.920000,15928.000000
US73935X7811 [NY_SERVICES],60,20170714,220000,44.920100,45.073000,44.920100,45.010000,4924.000000
US73935X7811 [NY_SERVICES],60,20170714,230000,45.030000,45.030000,45.030000,45.030000,201.000000
US73935X7811 [NY_SERVICES],60,20170715,010000,45.030000,45.030000,45.030000,45.030000,1.000000
US73935X7811 [NY_SERVICES],60,20170717,160000,45.160000,45.160000,44.848000,45.032800,7424.000000
US73935X7811 [NY_SERVICES],60,20170717,170000,44.970000,44.970000,44.750000,44.850000,7977.000000
US73935X7811 [NY_SERVICES],60,20170717,180000,44.920000,44.950000,44.830000,44.950000,4682.000000
US73935X7811 [NY_SERVICES],60,20170717,190000,44.895000,45.093300,44.895000,45.093300,1652.000000
US73935X7811 [NY_SERVICES],60,20170717,200000,45.099900,45.100000,45.060000,45.070000,3844.000000
US73935X7811 [NY_SERVICES],60,20170717,210000,45.000000,45.010800,44.940100,45.005300,4503.000000
US73935X7811 [NY_SERVICES],60,20170717,220000,45.000000,45.060100,44.930000,45.010000,8450.000000
US73935X7811 [NY_SERVICES],60,20170717,230000,45.030000,45.030000,45.030000,45.030000,201.000000
US73935X7811 [NY_SERVICES],60,20170718,010000,45.030000,45.030000,45.030000,45.030000,1.000000
US73935X7811 [NY_SERVICES],60,20170718,160000,44.830000,45.000000,44.691000,44.880000,36785.000000
US73935X7811 [NY_SERVICES],60,20170718,170000,44.926400,45.090000,44.850000,45.050000,7640.000000
US73935X7811 [NY_SERVICES],60,20170718,180000,45.021000,45.118000,44.970000,45.030000,2643.000000
US73935X7811 [NY_SERVICES],60,20170718,190000,45.146200,45.190000,45.100100,45.148000,1821.000000
US73935X7811 [NY_SERVICES],60,20170718,200000,45.160000,45.290100,45.160000,45.200000,4043.000000
US73935X7811 [NY_SERVICES],60,20170718,210000,45.249600,45.251400,45.200000,45.251400,3683.000000
US73935X7811 [NY_SERVICES],60,20170718,220000,45.230900,45.410000,45.230900,45.410000,12146.000000
US73935X7811 [NY_SERVICES],60,20170718,230000,45.410000,45.410000,45.410000,45.410000,203.000000
US73935X7811 [NY_SERVICES],60,20170719,010000,45.410000,45.410000,45.410000,45.410000,1.000000
US73935X7811 [NY_SERVICES],60,20170719,160000,45.650000,46.221600,45.500000,45.770000,11521.000000
US73935X7811 [NY_SERVICES],60,20170719,170000,45.840000,45.840000,45.640000,45.640000,11298.000000
US73935X7811 [NY_SERVICES],60,20170719,180000,45.680000,45.870000,45.680000,45.870000,3982.000000
US73935X7811 [NY_SERVICES],60,20170719,190000,45.889900,45.945000,45.824000,45.840000,6437.000000
US73935X7811 [NY_SERVICES],60,20170719,200000,45.940000,45.990000,45.893100,45.977200,2255.000000
US73935X7811 [NY_SERVICES],60,20170719,210000,45.968000,46.032100,45.966400,45.987600,9697.000000
US73935X7811 [NY_SERVICES],60,20170719,220000,46.000000,46.070000,45.980000,46.050000,6981.000000
US73935X7811 [NY_SERVICES],60,20170719,230000,46.090000,46.090000,46.090000,46.090000,201.000000
US73935X7811 [NY_SERVICES],60,20170720,010000,46.090000,46.090000,46.090000,46.090000,1.000000
US73935X7811 [NY_SERVICES],60,20170720,160000,46.200000,46.200000,45.750000,45.951000,25263.000000
US73935X7811 [NY_SERVICES],60,20170720,170000,45.980000,46.000000,45.790000,45.950000,13961.000000
US73935X7811 [NY_SERVICES],60,20170720,180000,45.960000,46.120000,45.960000,46.104800,30082.000000
US73935X7811 [NY_SERVICES],60,20170720,190000,46.118100,46.181200,46.060000,46.150600,4263.000000
US73935X7811 [NY_SERVICES],60,20170720,200000,46.096700,46.220000,46.070000,46.186800,4093.000000
US73935X7811 [NY_SERVICES],60,20170720,210000,46.170000,46.210000,46.110100,46.210000,11598.000000
US73935X7811 [NY_SERVICES],60,20170720,220000,46.206600,46.300000,46.206600,46.250000,5646.000000
US73935X7811 [NY_SERVICES],60,20170720,230000,46.290000,46.290000,46.290000,46.290000,208.000000
US73935X7811 [NY_SERVICES],60,20170721,010000,46.290000,46.290000,46.290000,46.290000,1.000000
US73935X7811 [NY_SERVICES],60,20170721,150000,46.130000,46.130000,46.130000,46.130000,100.000000
US73935X7811 [NY_SERVICES],60,20170721,160000,45.740000,46.210000,45.650000,45.703200,16267.000000
US73935X7811 [NY_SERVICES],60,20170721,170000,45.770000,45.860000,45.700000,45.750000,5324.000000
US73935X7811 [NY_SERVICES],60,20170721,180000,45.720000,45.830000,45.640000,45.790000,5294.000000
US73935X7811 [NY_SERVICES],60,20170721,190000,45.859900,45.920000,45.812000,45.920000,3392.000000
US73935X7811 [NY_SERVICES],60,20170721,200000,45.913400,45.960000,45.850000,45.891300,3584.000000
US73935X7811 [NY_SERVICES],60,20170721,210000,45.887500,45.887500,45.800000,45.870000,3456.000000
US73935X7811 [NY_SERVICES],60,20170721,220000,45.870000,45.890000,45.800000,45.870000,10595.000000
US73935X7811 [NY_SERVICES],60,20170721,230000,45.850000,45.850000,45.850000,45.850000,1001.000000
US73935X7811 [NY_SERVICES],60,20170722,010000,45.850000,45.850000,45.850000,45.850000,1.000000
